Posteriori standard deviation: 0.11510593028741468
m: -0.3853267600164608 ± 0.00679198338650703
q: 0.7524622472518255 ± 0.017401459628974204
rho: -0.9933851375440987
rho^2: 0.986814031493508
t: -32.36872991022391
Xth-Xsp: 24.995790139728616 > 9.501684696803444 con 14 gld e cl=95.0%.